
    variable |         N      mean        sd       min       max       p25       p50       p75
-------------+--------------------------------------------------------------------------------
         ROA |  7377.000     0.047     0.050    -0.138     0.205     0.019     0.043     0.071
        GAP1 |  7377.000    11.711     0.995     8.987    14.168    11.088    11.756    12.357
        GAP2 |  7377.000    12.124     0.915     9.183    14.138    11.598    12.200    12.730
        SIZE |  7377.000    21.851     1.260    19.574    25.789    20.924    21.654    22.559
         H10 |  7377.000    59.801    16.592    20.680    95.590    48.120    61.480    72.872
       CONT1 |  7316.000     2.742     1.645     1.000     7.000     1.000     4.000     4.000
----------------------------------------------------------------------------------------------
